20050501	1	MEI	2005
20050502	2	MEI	2005
20050503	3	MEI	2005
20050504	4	MEI	2005
20050505	5	MEI	2005
20050506	6	MEI	2005
20050507	7	MEI	2005
20050508	8	MEI	2005
20050509	9	MEI	2005
20050510	10	MEI	2005
20050511	11	MEI	2005
20050512	12	MEI	2005
20050513	13	MEI	2005
20050514	14	MEI	2005
20050515	15	MEI	2005
20050516	16	MEI	2005
20050517	17	MEI	2005
20050518	18	MEI	2005
20050519	19	MEI	2005
20050520	20	MEI	2005
20050521	21	MEI	2005
20050522	22	MEI	2005
20050523	23	MEI	2005
20050524	24	MEI	2005
20050525	25	MEI	2005
20050526	26	MEI	2005
20050527	27	MEI	2005
20050528	28	MEI	2005
20050529	29	MEI	2005
20050530	30	MEI	2005
20050531	31	MEI	2005
20050601	1	JUNI	2005
20050602	2	JUNI	2005
20050603	3	JUNI	2005
20050604	4	JUNI	2005
20050605	5	JUNI	2005
20050606	6	JUNI	2005
20050607	7	JUNI	2005
20050608	8	JUNI	2005
20050609	9	JUNI	2005
20050610	10	JUNI	2005
20050611	11	JUNI	2005
20050612	12	JUNI	2005
20050613	13	JUNI	2005
20050614	14	JUNI	2005
20050615	15	JUNI	2005
20050616	16	JUNI	2005
20050617	17	JUNI	2005
20050618	18	JUNI	2005
20050619	19	JUNI	2005
20050620	20	JUNI	2005
20050621	21	JUNI	2005
20050622	22	JUNI	2005
20050623	23	JUNI	2005
20050624	24	JUNI	2005
20050625	25	JUNI	2005
20050626	26	JUNI	2005
20050627	27	JUNI	2005
20050628	28	JUNI	2005
20050629	29	JUNI	2005
20050630	30	JUNI	2005
20050701	1	JULI	2005
20050702	2	JULI	2005
20050703	3	JULI	2005
20050704	4	JULI	2005
20050705	5	JULI	2005
20050706	6	JULI	2005
20050707	7	JULI	2005
20050708	8	JULI	2005
20050709	9	JULI	2005
20050710	10	JULI	2005
20050711	11	JULI	2005
20050712	12	JULI	2005
20050713	13	JULI	2005
20050714	14	JULI	2005
20050715	15	JULI	2005
20050716	16	JULI	2005
20050717	17	JULI	2005
20050718	18	JULI	2005
20050719	19	JULI	2005
20050720	20	JULI	2005
20050721	21	JULI	2005
20050722	22	JULI	2005
20050723	23	JULI	2005
20050724	24	JULI	2005
20050725	25	JULI	2005
20050726	26	JULI	2005
20050727	27	JULI	2005
20050728	28	JULI	2005
20050729	29	JULI	2005
20050730	30	JULI	2005
20050731	31	JULI	2005
20050801	1	AGUSTUS	2005
20050802	2	AGUSTUS	2005
20050803	3	AGUSTUS	2005
20050804	4	AGUSTUS	2005
20050805	5	AGUSTUS	2005
20050806	6	AGUSTUS	2005
20050807	7	AGUSTUS	2005
20050808	8	AGUSTUS	2005
20050809	9	AGUSTUS	2005
20050810	10	AGUSTUS	2005
20050811	11	AGUSTUS	2005
20050812	12	AGUSTUS	2005
20050813	13	AGUSTUS	2005
20050814	14	AGUSTUS	2005
20050815	15	AGUSTUS	2005
20050816	16	AGUSTUS	2005
20050817	17	AGUSTUS	2005
20050818	18	AGUSTUS	2005
20050819	19	AGUSTUS	2005
20050820	20	AGUSTUS	2005
20050821	21	AGUSTUS	2005
20050822	22	AGUSTUS	2005
20050823	23	AGUSTUS	2005
20050824	24	AGUSTUS	2005
20050825	25	AGUSTUS	2005
20050826	26	AGUSTUS	2005
20050827	27	AGUSTUS	2005
20050828	28	AGUSTUS	2005
20050829	29	AGUSTUS	2005
20050830	30	AGUSTUS	2005
20050831	31	AGUSTUS	2005
20050901	1	SEPTEMBER	2005
20050902	2	SEPTEMBER	2005
20050903	3	SEPTEMBER	2005
20050904	4	SEPTEMBER	2005
20050905	5	SEPTEMBER	2005
20050906	6	SEPTEMBER	2005
20050907	7	SEPTEMBER	2005
20050908	8	SEPTEMBER	2005
20050909	9	SEPTEMBER	2005
20050910	10	SEPTEMBER	2005
20050911	11	SEPTEMBER	2005
20050912	12	SEPTEMBER	2005
20050913	13	SEPTEMBER	2005
20050914	14	SEPTEMBER	2005
20050915	15	SEPTEMBER	2005
20050916	16	SEPTEMBER	2005
20050917	17	SEPTEMBER	2005
20050918	18	SEPTEMBER	2005
20050919	19	SEPTEMBER	2005
20050920	20	SEPTEMBER	2005
20050921	21	SEPTEMBER	2005
20050922	22	SEPTEMBER	2005
20050923	23	SEPTEMBER	2005
20050924	24	SEPTEMBER	2005
20050925	25	SEPTEMBER	2005
20050926	26	SEPTEMBER	2005
20050927	27	SEPTEMBER	2005
20050928	28	SEPTEMBER	2005
20050929	29	SEPTEMBER	2005
20050930	30	SEPTEMBER	2005
20051001	1	OKTOBER	2005
20051002	2	OKTOBER	2005
20051003	3	OKTOBER	2005
20051004	4	OKTOBER	2005
20051005	5	OKTOBER	2005
20051006	6	OKTOBER	2005
20051007	7	OKTOBER	2005
20051008	8	OKTOBER	2005
20051009	9	OKTOBER	2005
20051010	10	OKTOBER	2005
20051011	11	OKTOBER	2005
20051012	12	OKTOBER	2005
20051013	13	OKTOBER	2005
20051014	14	OKTOBER	2005
20051015	15	OKTOBER	2005
20051016	16	OKTOBER	2005
20051017	17	OKTOBER	2005
20051018	18	OKTOBER	2005
20051019	19	OKTOBER	2005
20051020	20	OKTOBER	2005
20051021	21	OKTOBER	2005
20051022	22	OKTOBER	2005
20051023	23	OKTOBER	2005
20051024	24	OKTOBER	2005
20051025	25	OKTOBER	2005
20051026	26	OKTOBER	2005
20051027	27	OKTOBER	2005
20051028	28	OKTOBER	2005
20051029	29	OKTOBER	2005
20051030	30	OKTOBER	2005
20051031	31	OKTOBER	2005
20051101	1	NOVEMBER	2005
20051102	2	NOVEMBER	2005
20051103	3	NOVEMBER	2005
20051104	4	NOVEMBER	2005
20051105	5	NOVEMBER	2005
20051106	6	NOVEMBER	2005
20051107	7	NOVEMBER	2005
20051108	8	NOVEMBER	2005
20051109	9	NOVEMBER	2005
20051110	10	NOVEMBER	2005
20051111	11	NOVEMBER	2005
20051112	12	NOVEMBER	2005
20051113	13	NOVEMBER	2005
20051114	14	NOVEMBER	2005
20051115	15	NOVEMBER	2005
20051116	16	NOVEMBER	2005
20051117	17	NOVEMBER	2005
20051118	18	NOVEMBER	2005
20051119	19	NOVEMBER	2005
20051120	20	NOVEMBER	2005
20051121	21	NOVEMBER	2005
20051122	22	NOVEMBER	2005
20051123	23	NOVEMBER	2005
20051124	24	NOVEMBER	2005
20051125	25	NOVEMBER	2005
20051126	26	NOVEMBER	2005
20051127	27	NOVEMBER	2005
20051128	28	NOVEMBER	2005
20051129	29	NOVEMBER	2005
20051130	30	NOVEMBER	2005
20051201	1	DESEMBER	2005
20051202	2	DESEMBER	2005
20051203	3	DESEMBER	2005
20051204	4	DESEMBER	2005
20051205	5	DESEMBER	2005
20051206	6	DESEMBER	2005
20051207	7	DESEMBER	2005
20051208	8	DESEMBER	2005
20051209	9	DESEMBER	2005
20051210	10	DESEMBER	2005
20051211	11	DESEMBER	2005
20051212	12	DESEMBER	2005
20051213	13	DESEMBER	2005
20051214	14	DESEMBER	2005
20051215	15	DESEMBER	2005
20051216	16	DESEMBER	2005
20051217	17	DESEMBER	2005
20051218	18	DESEMBER	2005
20051219	19	DESEMBER	2005
20051220	20	DESEMBER	2005
20051221	21	DESEMBER	2005
20051222	22	DESEMBER	2005
20051223	23	DESEMBER	2005
20051224	24	DESEMBER	2005
20051225	25	DESEMBER	2005
20051226	26	DESEMBER	2005
20051227	27	DESEMBER	2005
20051228	28	DESEMBER	2005
20051229	29	DESEMBER	2005
20051230	30	DESEMBER	2005
20051231	31	DESEMBER	2005
20060101	1	JANUARI	2006
20060102	2	JANUARI	2006
20060103	3	JANUARI	2006
20060104	4	JANUARI	2006
20060105	5	JANUARI	2006
20060106	6	JANUARI	2006
20060107	7	JANUARI	2006
20060108	8	JANUARI	2006
20060109	9	JANUARI	2006
20060110	10	JANUARI	2006
20060111	11	JANUARI	2006
20060112	12	JANUARI	2006
20060113	13	JANUARI	2006
20060114	14	JANUARI	2006
20060115	15	JANUARI	2006
20060116	16	JANUARI	2006
20060117	17	JANUARI	2006
20060118	18	JANUARI	2006
20060119	19	JANUARI	2006
20060120	20	JANUARI	2006
20060121	21	JANUARI	2006
20060122	22	JANUARI	2006
20060123	23	JANUARI	2006
20060124	24	JANUARI	2006
20060125	25	JANUARI	2006
20060126	26	JANUARI	2006
20060127	27	JANUARI	2006
20060128	28	JANUARI	2006
20060129	29	JANUARI	2006
20060130	30	JANUARI	2006
20060131	31	JANUARI	2006
20060201	1	FEBRUARI	2006
20060202	2	FEBRUARI	2006
20060203	3	FEBRUARI	2006
20060204	4	FEBRUARI	2006
20060205	5	FEBRUARI	2006
20060206	6	FEBRUARI	2006
20060207	7	FEBRUARI	2006
20060208	8	FEBRUARI	2006
20060209	9	FEBRUARI	2006
20060210	10	FEBRUARI	2006
20060211	11	FEBRUARI	2006
20060212	12	FEBRUARI	2006
20060213	13	FEBRUARI	2006
20060214	14	FEBRUARI	2006
20060215	15	FEBRUARI	2006
20060216	16	FEBRUARI	2006
20060217	17	FEBRUARI	2006
20060218	18	FEBRUARI	2006
20060219	19	FEBRUARI	2006
20060220	20	FEBRUARI	2006
20060221	21	FEBRUARI	2006
20060222	22	FEBRUARI	2006
20060223	23	FEBRUARI	2006
20060224	24	FEBRUARI	2006
20060225	25	FEBRUARI	2006
20060226	26	FEBRUARI	2006
20060227	27	FEBRUARI	2006
20060228	28	FEBRUARI	2006
20060301	1	MARET	2006
20060302	2	MARET	2006
20060303	3	MARET	2006
20060304	4	MARET	2006
20060305	5	MARET	2006
20060306	6	MARET	2006
20060307	7	MARET	2006
20060308	8	MARET	2006
20060309	9	MARET	2006
20060310	10	MARET	2006
20060311	11	MARET	2006
20060312	12	MARET	2006
20060313	13	MARET	2006
20060314	14	MARET	2006
20060315	15	MARET	2006
20060316	16	MARET	2006
20060317	17	MARET	2006
20060318	18	MARET	2006
20060319	19	MARET	2006
20060320	20	MARET	2006
20060321	21	MARET	2006
20060322	22	MARET	2006
20060323	23	MARET	2006
20060324	24	MARET	2006
20060325	25	MARET	2006
20060326	26	MARET	2006
20060327	27	MARET	2006
20060328	28	MARET	2006
20060329	29	MARET	2006
20060330	30	MARET	2006
20060331	31	MARET	2006
20060401	1	APRIL	2006
20060402	2	APRIL	2006
20060403	3	APRIL	2006
20060404	4	APRIL	2006
20060405	5	APRIL	2006
20060406	6	APRIL	2006
20060407	7	APRIL	2006
20060408	8	APRIL	2006
20060409	9	APRIL	2006
20060410	10	APRIL	2006
20060411	11	APRIL	2006
20060412	12	APRIL	2006
20060413	13	APRIL	2006
20060414	14	APRIL	2006
20060415	15	APRIL	2006
20060416	16	APRIL	2006
20060417	17	APRIL	2006
20060418	18	APRIL	2006
20060419	19	APRIL	2006
20060420	20	APRIL	2006
20060421	21	APRIL	2006
20060422	22	APRIL	2006
20060423	23	APRIL	2006
20060424	24	APRIL	2006
20060425	25	APRIL	2006
20060426	26	APRIL	2006
20060427	27	APRIL	2006
20060428	28	APRIL	2006
20060429	29	APRIL	2006
20060430	30	APRIL	2006
20060501	1	MEI	2006
20060502	2	MEI	2006
20060503	3	MEI	2006
20060504	4	MEI	2006
20060505	5	MEI	2006
20060506	6	MEI	2006
20060507	7	MEI	2006
20060508	8	MEI	2006
20060509	9	MEI	2006
20060510	10	MEI	2006
20060511	11	MEI	2006
20060512	12	MEI	2006
20060513	13	MEI	2006
20060514	14	MEI	2006
20060515	15	MEI	2006
20060516	16	MEI	2006
20060517	17	MEI	2006
20060518	18	MEI	2006
20060519	19	MEI	2006
20060520	20	MEI	2006
20060521	21	MEI	2006
20060522	22	MEI	2006
20060523	23	MEI	2006
20060524	24	MEI	2006
20060525	25	MEI	2006
20060526	26	MEI	2006
20060527	27	MEI	2006
20060528	28	MEI	2006
20060529	29	MEI	2006
20060530	30	MEI	2006
20060531	31	MEI	2006
20060601	1	JUNI	2006
20060602	2	JUNI	2006
20060603	3	JUNI	2006
20060604	4	JUNI	2006
20060605	5	JUNI	2006
20060606	6	JUNI	2006
20060607	7	JUNI	2006
20060608	8	JUNI	2006
20060609	9	JUNI	2006
20060610	10	JUNI	2006
20060611	11	JUNI	2006
20060612	12	JUNI	2006
20060613	13	JUNI	2006
20060614	14	JUNI	2006
20060615	15	JUNI	2006
20060616	16	JUNI	2006
20060617	17	JUNI	2006
20060618	18	JUNI	2006
20060619	19	JUNI	2006
20060620	20	JUNI	2006
20060621	21	JUNI	2006
20060622	22	JUNI	2006
20060623	23	JUNI	2006
20060624	24	JUNI	2006
20060625	25	JUNI	2006
20060626	26	JUNI	2006
20060627	27	JUNI	2006
20060628	28	JUNI	2006
20060629	29	JUNI	2006
20060630	30	JUNI	2006
20060701	1	JULI	2006
20060702	2	JULI	2006
20060703	3	JULI	2006
20060704	4	JULI	2006
20060705	5	JULI	2006
20060706	6	JULI	2006
20060707	7	JULI	2006
20060708	8	JULI	2006
20060709	9	JULI	2006
20060710	10	JULI	2006
20060711	11	JULI	2006
20060712	12	JULI	2006
20060713	13	JULI	2006
20060714	14	JULI	2006
20060715	15	JULI	2006
20060716	16	JULI	2006
20060717	17	JULI	2006
20060718	18	JULI	2006
20060719	19	JULI	2006
20060720	20	JULI	2006
20060721	21	JULI	2006
20060722	22	JULI	2006
20060723	23	JULI	2006
20060724	24	JULI	2006
20060725	25	JULI	2006
20060726	26	JULI	2006
20060727	27	JULI	2006
20060728	28	JULI	2006
20060729	29	JULI	2006
20060730	30	JULI	2006
20060731	31	JULI	2006
20060801	1	AGUSTUS	2006
20060802	2	AGUSTUS	2006
20060803	3	AGUSTUS	2006
20060804	4	AGUSTUS	2006
20060805	5	AGUSTUS	2006
20060806	6	AGUSTUS	2006
20060807	7	AGUSTUS	2006
20060808	8	AGUSTUS	2006
20060809	9	AGUSTUS	2006
20060810	10	AGUSTUS	2006
20060811	11	AGUSTUS	2006
20060812	12	AGUSTUS	2006
20060813	13	AGUSTUS	2006
20060814	14	AGUSTUS	2006
20060815	15	AGUSTUS	2006
20060816	16	AGUSTUS	2006
20060817	17	AGUSTUS	2006
20060818	18	AGUSTUS	2006
20060819	19	AGUSTUS	2006
20060820	20	AGUSTUS	2006
20060821	21	AGUSTUS	2006
20060822	22	AGUSTUS	2006
20060823	23	AGUSTUS	2006
20060824	24	AGUSTUS	2006
20060825	25	AGUSTUS	2006
20060826	26	AGUSTUS	2006
20060827	27	AGUSTUS	2006
20060828	28	AGUSTUS	2006
20060829	29	AGUSTUS	2006
20060830	30	AGUSTUS	2006
20060831	31	AGUSTUS	2006
20060901	1	SEPTEMBER	2006
20060902	2	SEPTEMBER	2006
20060903	3	SEPTEMBER	2006
20060904	4	SEPTEMBER	2006
20060905	5	SEPTEMBER	2006
20060906	6	SEPTEMBER	2006
20060907	7	SEPTEMBER	2006
20060908	8	SEPTEMBER	2006
20060909	9	SEPTEMBER	2006
20060910	10	SEPTEMBER	2006
20060911	11	SEPTEMBER	2006
20060912	12	SEPTEMBER	2006
\.


